# Created by Octave 4.0.0, Sat Sep 19 23:41:59 2015 China Standard Time <unknown@sepc1119>
# name: accuracy
# type: matrix
# rows: 64
# columns: 3
 0.01 0.01 0.435
 0.01 0.03 0.9399999999999999
 0.01 0.1 0.955
 0.01 0.3 0.855
 0.01 1 0.82
 0.01 3 0.82
 0.01 10 0.82
 0.01 30 0.8149999999999999
 0.03 0.01 0.435
 0.03 0.03 0.9399999999999999
 0.03 0.1 0.955
 0.03 0.3 0.86
 0.03 1 0.82
 0.03 3 0.8149999999999999
 0.03 10 0.8149999999999999
 0.03 30 0.8149999999999999
 0.1 0.01 0.435
 0.1 0.03 0.9399999999999999
 0.1 0.1 0.955
 0.1 0.3 0.915
 0.1 1 0.825
 0.1 3 0.82
 0.1 10 0.8149999999999999
 0.1 30 0.8149999999999999
 0.3 0.01 0.435
 0.3 0.03 0.9399999999999999
 0.3 0.1 0.965
 0.3 0.3 0.9350000000000001
 0.3 1 0.89
 0.3 3 0.8149999999999999
 0.3 10 0.82
 0.3 30 0.8149999999999999
 1 0.01 0.435
 1 0.03 0.9350000000000001
 1 0.1 0.97
 1 0.3 0.93
 1 1 0.92
 1 3 0.855
 1 10 0.82
 1 30 0.82
 3 0.01 0.435
 3 0.03 0.92
 3 0.1 0.965
 3 0.3 0.925
 3 1 0.925
 3 3 0.915
 3 10 0.82
 3 30 0.82
 10 0.01 0.435
 10 0.03 0.92
 10 0.1 0.93
 10 0.3 0.93
 10 1 0.91
 10 3 0.92
 10 10 0.835
 10 30 0.82
 30 0.01 0.435
 30 0.03 0.92
 30 0.1 0.9399999999999999
 30 0.3 0.93
 30 1 0.895
 30 3 0.91
 30 10 0.9
 30 30 0.82


